#(carId,StartTime,RoadId...)
(10000,1,5029,5040,5046,5052,5058)
(10001,21,5030,5041,5052)
(10002,33,5016,5027,5038,5049)
(10003,49,5052,5046,5040,5029,5023,5017,5011)
(10004,77,5030,5019,5013,5007,5001)
(10005,127,5028,5017,5006)
(10006,157,5029,5018,5012,5006)
(10007,173,5031,5020,5014,5013,5007,5001)
(10008,233,5049,5038,5027,5016,5005)
(10009,253,5048,5047,5041,5035,5029,5023,5017)
(10010,281,5051,5045,5039,5028,5017,5006)
(10011,341,5029,5040,5051)
(10012,371,5029,5018,5012,5006)
(10013,387,5053,5048,5043,5032,5021)
(10014,437,5030,5041,5047,5053,5059)
(10015,487,5005,5016,5027,5038,5044,5045,5046)
(10016,557,5030,5019,5013,5007,5001,5000)
(10017,617,5018,5029,5040,5045,5050)
(10018,637,5027,5038,5049)
(10019,649,5029,5040,5046,5052,5058)
(10020,699,5040,5029,5018,5007,5002,5003)
(10021,723,5021,5032,5043,5048,5053)
(10022,743,5008,5019,5025,5026,5032,5043)
(10023,803,5029,5018,5012,5006)
(10024,819,5038,5027,5016,5005,5000,5001,5002,5003)
(10025,851,5053,5042,5031,5025)
(10026,867,5039,5028,5017,5011)
(10027,907,5032,5043,5054)
(10028,937,5008,5019,5030,5041,5052,5058)
(10029,961,5032,5043,5054)
(10030,973,5039,5028,5017,5006)
(10031,989,5050,5039,5028,5017,5012,5013,5014,5009)
(10032,1021,5017,5023,5029,5035,5041,5052)
(10033,1081,5051,5040,5029,5018,5013,5008,5003,5004)
(10034,1113,5006,5017,5023,5024,5025,5031)
(10035,1137,5005,5016,5027)
(10036,1149,5016,5027,5038,5044,5050)
(10037,1169,5027,5016,5005)
(10038,1181,5053,5042,5031,5020,5009,5004)
(10039,1205,5020,5031,5042,5048,5054)
(10040,1255,5055,5056,5057,5058,5053,5042,5031,5020,5015,5010)
(10041,1355,5030,5041,5052)
(10042,1367,5049,5038,5027,5016,5011,5012)
(10043,1391,5040,5029,5018)
(10044,1421,5031,5020,5014,5013,5007,5001)
(10045,1445,5006,5017,5023,5029,5040,5046,5047)
(10046,1473,5030,5019,5013,5007,5001,5000)
(10047,1533,5030,5041,5052)
(10048,1545,5005,5016,5027,5038,5049)
(10049,1565,5008,5019,5025,5031)
(10050,1605,5029,5040,5046,5052)
(10051,1621,5013,5014,5015,5021,5032,5043)
(10052,1681,5028,5039,5050)
(10053,1693,5013,5014,5015,5021,5032,5043)
(10054,1753,5017,5023,5029,5035,5041,5052,5058)
(10055,1781,5006,5017,5023,5024,5030)
(10056,1831,5030,5041,5047,5053)
(10057,1871,5049,5038,5027,5016,5011,5012,5013)
(10058,1899,5037,5036,5030,5019,5008)
(10059,1949,5008,5019,5025,5031,5042)
(10060,1999,5028,5039,5050,5056,5057,5058,5059)
(10061,2027,5021,5032,5037,5036,5041,5052)
(10062,2051,5008,5019,5030)
(10063,2063,5022,5023,5029,5040,5051)
(10064,2113,5031,5020,5014,5013,5007,5001,5000)
(10065,2183,5007,5018,5029,5040,5051,5056,5055)
(10066,2211,5053,5047,5046,5040,5029,5023,5017,5011)
(10067,2243,5032,5043,5054)
(10068,2255,5010,5021,5032,5043,5048,5047,5046,5051)
(10069,2335,5018,5029,5040,5045,5050)
(10070,2355,5030,5041,5047,5053,5059)
(10071,2405,5053,5042,5031,5025)
(10072,2445,5052,5046,5040,5029,5023,5017,5006)
(10073,2473,5031,5020,5014,5013,5007,5001)
(10074,2497,5051,5045,5039,5028)
(10075,2513,5031,5042,5053,5059)
(10076,2553,5051,5045,5039,5028,5017,5006)
(10077,2577,5007,5018,5029,5040)
(10078,2593,5007,5018,5029,5040,5051,5056)
(10079,2653,5029,5040,5046,5052)
(10080,2693,5037,5036,5030,5019,5008,5002,5001)
(10081,2721,5018,5029,5040,5046)
(10082,2737,5040,5029,5018,5007,5001,5000)
(10083,2761,5054,5043,5032,5021,5010)
(10084,2781,5019,5030,5041,5047,5048)
(10085,2801,5052,5041,5030,5025,5026,5021)
(10086,2825,5038,5027,5016,5005,5000,5001)
(10087,2849,5029,5018,5012,5006,5000)
(10088,2869,5032,5043,5054)
(10089,2881,5030,5019,5013,5007)
(10090,2921,5008,5019,5025,5031)
(10091,2937,5053,5042,5031,5020,5009)
(10092,2957,5045,5044,5038,5027,5016)
(10093,3007,5027,5016,5005)
(10094,3019,5030,5019,5008)
(10095,3049,5032,5021,5010)
(10096,3061,5052,5046,5040,5029,5023)
(10097,3081,5028,5039,5050,5056,5057,5058)
(10098,3141,5021,5032,5043)
(10099,3153,5054,5043,5032,5021)
(10100,3169,5028,5039,5050)
(10101,3181,5017,5022,5027,5038,5049)
(10102,3201,5028,5017,5006)
(10103,3231,5005,5016,5027,5038,5044,5045,5046,5047,5053,5059)
(10104,3271,5018,5029,5040,5051)
(10105,3287,5030,5041,5047,5053,5059)
(10106,3307,5039,5028,5017,5011)
(10107,3347,5009,5020,5031,5036,5035,5040,5051)
(10108,3375,5038,5027,5016)
(10109,3387,5028,5039,5050)
(10110,3417,5020,5031,5042,5048)
(10111,3433,5050,5039,5028,5017,5012,5013)
(10112,3457,5031,5042,5053,5059)
(10113,3473,5038,5027,5016,5005,5000,5001,5002,5003)
(10114,3553,5016,5027,5033,5034,5035,5036,5042,5048)
(10115,3585,5006,5017,5028,5039)
(10116,3625,5041,5030,5019,5008,5002,5001)
(10117,3649,5028,5039,5050,5056)
(10118,3665,5016,5027,5038,5044)
(10119,3681,5039,5028,5017,5011,5005)
(10120,3701,5028,5017,5006)
(10121,3731,5051,5045,5039,5028,5017,5011)
(10122,3791,5017,5022,5027,5038,5049)
(10123,3811,5053,5042,5031,5020)
(10124,3851,5041,5030,5019,5008,5003)
(10125,3871,5019,5030,5041,5047,5053)
(10126,3891,5009,5020,5031,5042,5053)
(10127,3941,5028,5017,5006)
